--------------------------------------------------------------------------------
	ENVIRONMENT
--------------------------------------------------------------------------------
RESNum: 3
UENum: 5
maxTime: 360
minReward: 720
rho: 10
alpha:
[[[0.80812803 0.37408002 0.17762572 0.58057238 0.36920295]
  [0.35377574 0.68446279 0.89950788 0.41355902 0.38154692]
  [0.64674425 0.4777463  0.68350023 0.43685024 0.28300501]]
 [[0.61445094 0.14826493 0.1447801  0.80929553 0.86858101]
  [0.1606914  0.30903711 0.37495483 0.87888916 0.73202948]
  [0.59232508 0.35598637 0.79209136 0.55047167 0.40576129]]
 [[0.40717888 0.38152966 0.66811742 0.34207062 0.70287688]
  [0.39603651 0.57514987 0.79525048 0.55100348 0.84532644]
  [0.26678635 0.54490742 0.1039518  0.52656062 0.55180426]]]

weight:
[[0.46160988 0.49034851 0.12840538 0.44584988 0.21034638]
 [0.26442838 0.09110365 0.23914068 0.13093078 0.06174147]
 [0.35983798 0.5500131  0.45307796 0.56572564 0.49499735]]

--------------------------------------------------------------------------------
	ALGORITHM
--------------------------------------------------------------------------------
SliceNum: 3
seed: None
hidden_sizes: [128, 128]
replay_size: 1000000
epochs: 200
steps_per_epoch: 5000
batch_size: 1000
pi_lr: 0.001
start_steps: 100000
