--------------------------------------------------------------------------------
	ENVIRONMENT
--------------------------------------------------------------------------------
RESNum: 3
UENum: 5
maxTime: 360
minReward: 720
rho: 10
alpha:
[[[0.8685235  0.69979638 0.61814853 0.23701519 0.79523065]
  [0.3658433  0.11631048 0.10694293 0.17637944 0.12853454]
  [0.27985564 0.80741383 0.63869931 0.23165811 0.2317688 ]]
 [[0.31718635 0.21904625 0.27612065 0.70465471 0.78691482]
  [0.26238206 0.16572707 0.26258653 0.82581026 0.47983178]
  [0.50113348 0.55357092 0.82865729 0.83699233 0.83341131]]
 [[0.57686435 0.23335584 0.81671484 0.42567424 0.57166389]
  [0.82302251 0.10587324 0.52320237 0.73299552 0.2781104 ]
  [0.77083688 0.40484241 0.1294996  0.18518272 0.6828559 ]]]

weight:
[[0.45294125 0.43620404 0.5437473  0.12050911 0.17929441]
 [0.05716046 0.0418876  0.16102464 0.13836264 0.18225416]
 [0.13300115 0.19881771 0.29306498 0.30169188 0.30865286]]

--------------------------------------------------------------------------------
	ALGORITHM
--------------------------------------------------------------------------------
SliceNum: 3
seed: None
hidden_sizes: [128, 128]
replay_size: 1000000
epochs: 200
steps_per_epoch: 5000
batch_size: 1000
pi_lr: 0.001
start_steps: 100000
