********** Utility Static *******
8388.811726014774
********** DDPG **********
loading
Episode 0 	 EpRet -942662.833 	 EpLen 360
tmpx is
[[[0. 1. 0. 0. 0.]
  [1. 0. 0. 0. 0.]
  [0. 1. 0. 0. 0.]]

 [[0. 1. 0. 0. 0.]
  [1. 0. 0. 0. 0.]
  [0. 1. 0. 0. 0.]]

 [[0. 1. 0. 0. 0.]
  [1. 0. 0. 0. 0.]
  [0. 1. 0. 0. 0.]]

 ...

 [[1. 1. 0. 1. 0.]
  [0. 1. 0. 1. 0.]
  [1. 0. 0. 0. 0.]]

 [[1. 1. 0. 1. 0.]
  [0. 1. 0. 1. 0.]
  [1. 0. 0. 0. 0.]]

 [[1. 1. 0. 1. 0.]
  [0. 1. 0. 1. 0.]
  [1. 0. 0. 0. 0.]]]
loading
Episode 0 	 EpRet -877312.705 	 EpLen 360
tmpx is
[[[0. 1. 0. 0. 1.]
  [0. 1. 0. 0. 0.]
  [1. 0. 0. 0. 0.]]

 [[0. 1. 0. 0. 1.]
  [0. 1. 0. 0. 0.]
  [1. 0. 0. 0. 0.]]

 [[0. 1. 0. 0. 1.]
  [0. 1. 0. 0. 0.]
  [1. 0. 0. 0. 0.]]

 ...

 [[0. 0. 0. 0. 0.]
  [0. 0. 0. 0. 0.]
  [0. 0. 0. 0. 0.]]

 [[0. 0. 0. 0. 0.]
  [0. 0. 0. 0. 0.]
  [0. 0. 0. 0. 0.]]

 [[0. 0. 0. 0. 0.]
  [0. 0. 0. 0. 0.]
  [0. 0. 0. 0. 0.]]]
loading
Episode 0 	 EpRet -946317.653 	 EpLen 360
tmpx is
[[[0. 0. 0. 0. 0.]
  [0. 0. 0. 0. 0.]
  [0. 0. 0. 0. 0.]]

 [[0. 0. 0. 0. 0.]
  [0. 0. 0. 0. 0.]
  [0. 0. 0. 0. 0.]]

 [[0. 0. 0. 0. 0.]
  [0. 0. 0. 0. 0.]
  [0. 0. 0. 0. 0.]]

 ...

 [[0. 0. 0. 0. 0.]
  [0. 0. 0. 0. 0.]
  [0. 0. 0. 0. 0.]]

 [[0. 0. 0. 0. 0.]
  [0. 0. 0. 0. 0.]
  [0. 0. 0. 0. 0.]]

 [[0. 0. 0. 0. 0.]
  [0. 0. 0. 0. 0.]
  [0. 0. 0. 0. 0.]]]
iter 0
current allocation is
[[253.33331   189.263      93.611115 ]
 [ 30.          3.3333335  16.944445 ]
 [  0.          0.          0.       ]]
loading
Episode 0 	 EpRet -942662.833 	 EpLen 360
tmpx is
[[[0. 1. 0. 0. 0.]
  [1. 0. 0. 0. 0.]
  [0. 1. 0. 0. 0.]]

 [[0. 1. 0. 0. 0.]
  [1. 0. 0. 0. 0.]
  [0. 1. 0. 0. 0.]]

 [[0. 1. 0. 0. 0.]
  [1. 0. 0. 0. 0.]
  [0. 1. 0. 0. 0.]]

 ...

 [[1. 1. 0. 1. 0.]
  [0. 1. 0. 1. 0.]
  [1. 0. 0. 0. 0.]]

 [[1. 1. 0. 1. 0.]
  [0. 1. 0. 1. 0.]
  [1. 0. 0. 0. 0.]]

 [[1. 1. 0. 1. 0.]
  [0. 1. 0. 1. 0.]
  [1. 0. 0. 0. 0.]]]
loading
Episode 0 	 EpRet -877312.705 	 EpLen 360
tmpx is
[[[0. 1. 0. 0. 1.]
  [0. 1. 0. 0. 0.]
  [1. 0. 0. 0. 0.]]

 [[0. 1. 0. 0. 1.]
  [0. 1. 0. 0. 0.]
  [1. 0. 0. 0. 0.]]

 [[0. 1. 0. 0. 1.]
  [0. 1. 0. 0. 0.]
  [1. 0. 0. 0. 0.]]

 ...

 [[0. 0. 0. 0. 0.]
  [0. 0. 0. 0. 0.]
  [0. 0. 0. 0. 0.]]

 [[0. 0. 0. 0. 0.]
  [0. 0. 0. 0. 0.]
  [0. 0. 0. 0. 0.]]

 [[0. 0. 0. 0. 0.]
  [0. 0. 0. 0. 0.]
  [0. 0. 0. 0. 0.]]]
loading
Episode 0 	 EpRet -946317.653 	 EpLen 360
tmpx is
[[[0. 0. 0. 0. 0.]
  [0. 0. 0. 0. 0.]
  [0. 0. 0. 0. 0.]]

 [[0. 0. 0. 0. 0.]
  [0. 0. 0. 0. 0.]
  [0. 0. 0. 0. 0.]]

 [[0. 0. 0. 0. 0.]
  [0. 0. 0. 0. 0.]
  [0. 0. 0. 0. 0.]]

 ...

 [[0. 0. 0. 0. 0.]
  [0. 0. 0. 0. 0.]
  [0. 0. 0. 0. 0.]]

 [[0. 0. 0. 0. 0.]
  [0. 0. 0. 0. 0.]
  [0. 0. 0. 0. 0.]]

 [[0. 0. 0. 0. 0.]
  [0. 0. 0. 0. 0.]
  [0. 0. 0. 0. 0.]]]
iter 1
current allocation is
[[253.33331   189.263      93.611115 ]
 [ 30.          3.3333335  16.944445 ]
 [  0.          0.          0.       ]]
loading
Episode 0 	 EpRet -942662.833 	 EpLen 360
tmpx is
[[[0. 1. 0. 0. 0.]
  [1. 0. 0. 0. 0.]
  [0. 1. 0. 0. 0.]]

 [[0. 1. 0. 0. 0.]
  [1. 0. 0. 0. 0.]
  [0. 1. 0. 0. 0.]]

 [[0. 1. 0. 0. 0.]
  [1. 0. 0. 0. 0.]
  [0. 1. 0. 0. 0.]]

 ...

 [[1. 1. 0. 1. 0.]
  [0. 1. 0. 1. 0.]
  [1. 0. 0. 0. 0.]]

 [[1. 1. 0. 1. 0.]
  [0. 1. 0. 1. 0.]
  [1. 0. 0. 0. 0.]]

 [[1. 1. 0. 1. 0.]
  [0. 1. 0. 1. 0.]
  [1. 0. 0. 0. 0.]]]
loading
Episode 0 	 EpRet -877312.705 	 EpLen 360
tmpx is
[[[0. 1. 0. 0. 1.]
  [0. 1. 0. 0. 0.]
  [1. 0. 0. 0. 0.]]

 [[0. 1. 0. 0. 1.]
  [0. 1. 0. 0. 0.]
  [1. 0. 0. 0. 0.]]

 [[0. 1. 0. 0. 1.]
  [0. 1. 0. 0. 0.]
  [1. 0. 0. 0. 0.]]

 ...

 [[0. 0. 0. 0. 0.]
  [0. 0. 0. 0. 0.]
  [0. 0. 0. 0. 0.]]

 [[0. 0. 0. 0. 0.]
  [0. 0. 0. 0. 0.]
  [0. 0. 0. 0. 0.]]

 [[0. 0. 0. 0. 0.]
  [0. 0. 0. 0. 0.]
  [0. 0. 0. 0. 0.]]]
loading
Episode 0 	 EpRet -946317.653 	 EpLen 360
tmpx is
[[[0. 0. 0. 0. 0.]
  [0. 0. 0. 0. 0.]
  [0. 0. 0. 0. 0.]]

 [[0. 0. 0. 0. 0.]
  [0. 0. 0. 0. 0.]
  [0. 0. 0. 0. 0.]]

 [[0. 0. 0. 0. 0.]
  [0. 0. 0. 0. 0.]
  [0. 0. 0. 0. 0.]]

 ...

 [[0. 0. 0. 0. 0.]
  [0. 0. 0. 0. 0.]
  [0. 0. 0. 0. 0.]]

 [[0. 0. 0. 0. 0.]
  [0. 0. 0. 0. 0.]
  [0. 0. 0. 0. 0.]]

 [[0. 0. 0. 0. 0.]
  [0. 0. 0. 0. 0.]
  [0. 0. 0. 0. 0.]]]
iter 2
current allocation is
[[253.33331   189.263      93.611115 ]
 [ 30.          3.3333335  16.944445 ]
 [  0.          0.          0.       ]]
loading
Episode 0 	 EpRet -942662.833 	 EpLen 360
tmpx is
[[[0. 1. 0. 0. 0.]
  [1. 0. 0. 0. 0.]
  [0. 1. 0. 0. 0.]]

 [[0. 1. 0. 0. 0.]
  [1. 0. 0. 0. 0.]
  [0. 1. 0. 0. 0.]]

 [[0. 1. 0. 0. 0.]
  [1. 0. 0. 0. 0.]
  [0. 1. 0. 0. 0.]]

 ...

 [[1. 1. 0. 1. 0.]
  [0. 1. 0. 1. 0.]
  [1. 0. 0. 0. 0.]]

 [[1. 1. 0. 1. 0.]
  [0. 1. 0. 1. 0.]
  [1. 0. 0. 0. 0.]]

 [[1. 1. 0. 1. 0.]
  [0. 1. 0. 1. 0.]
  [1. 0. 0. 0. 0.]]]
loading
Episode 0 	 EpRet -877312.705 	 EpLen 360
tmpx is
[[[0. 1. 0. 0. 1.]
  [0. 1. 0. 0. 0.]
  [1. 0. 0. 0. 0.]]

 [[0. 1. 0. 0. 1.]
  [0. 1. 0. 0. 0.]
  [1. 0. 0. 0. 0.]]

 [[0. 1. 0. 0. 1.]
  [0. 1. 0. 0. 0.]
  [1. 0. 0. 0. 0.]]

 ...

 [[0. 0. 0. 0. 0.]
  [0. 0. 0. 0. 0.]
  [0. 0. 0. 0. 0.]]

 [[0. 0. 0. 0. 0.]
  [0. 0. 0. 0. 0.]
  [0. 0. 0. 0. 0.]]

 [[0. 0. 0. 0. 0.]
  [0. 0. 0. 0. 0.]
  [0. 0. 0. 0. 0.]]]
loading
Episode 0 	 EpRet -946317.653 	 EpLen 360
tmpx is
[[[0. 0. 0. 0. 0.]
  [0. 0. 0. 0. 0.]
  [0. 0. 0. 0. 0.]]

 [[0. 0. 0. 0. 0.]
  [0. 0. 0. 0. 0.]
  [0. 0. 0. 0. 0.]]

 [[0. 0. 0. 0. 0.]
  [0. 0. 0. 0. 0.]
  [0. 0. 0. 0. 0.]]

 ...

 [[0. 0. 0. 0. 0.]
  [0. 0. 0. 0. 0.]
  [0. 0. 0. 0. 0.]]

 [[0. 0. 0. 0. 0.]
  [0. 0. 0. 0. 0.]
  [0. 0. 0. 0. 0.]]

 [[0. 0. 0. 0. 0.]
  [0. 0. 0. 0. 0.]
  [0. 0. 0. 0. 0.]]]
iter 3
current allocation is
[[253.33331   189.263      93.611115 ]
 [ 30.          3.3333335  16.944445 ]
 [  0.          0.          0.       ]]
loading
Episode 0 	 EpRet -942662.833 	 EpLen 360
tmpx is
[[[0. 1. 0. 0. 0.]
  [1. 0. 0. 0. 0.]
  [0. 1. 0. 0. 0.]]

 [[0. 1. 0. 0. 0.]
  [1. 0. 0. 0. 0.]
  [0. 1. 0. 0. 0.]]

 [[0. 1. 0. 0. 0.]
  [1. 0. 0. 0. 0.]
  [0. 1. 0. 0. 0.]]

 ...

 [[1. 1. 0. 1. 0.]
  [0. 1. 0. 1. 0.]
  [1. 0. 0. 0. 0.]]

 [[1. 1. 0. 1. 0.]
  [0. 1. 0. 1. 0.]
  [1. 0. 0. 0. 0.]]

 [[1. 1. 0. 1. 0.]
  [0. 1. 0. 1. 0.]
  [1. 0. 0. 0. 0.]]]
loading
Episode 0 	 EpRet -877312.705 	 EpLen 360
tmpx is
[[[0. 1. 0. 0. 1.]
  [0. 1. 0. 0. 0.]
  [1. 0. 0. 0. 0.]]

 [[0. 1. 0. 0. 1.]
  [0. 1. 0. 0. 0.]
  [1. 0. 0. 0. 0.]]

 [[0. 1. 0. 0. 1.]
  [0. 1. 0. 0. 0.]
  [1. 0. 0. 0. 0.]]

 ...

 [[0. 0. 0. 0. 0.]
  [0. 0. 0. 0. 0.]
  [0. 0. 0. 0. 0.]]

 [[0. 0. 0. 0. 0.]
  [0. 0. 0. 0. 0.]
  [0. 0. 0. 0. 0.]]

 [[0. 0. 0. 0. 0.]
  [0. 0. 0. 0. 0.]
  [0. 0. 0. 0. 0.]]]
loading
Episode 0 	 EpRet -946317.653 	 EpLen 360
tmpx is
[[[0. 0. 0. 0. 0.]
  [0. 0. 0. 0. 0.]
  [0. 0. 0. 0. 0.]]

 [[0. 0. 0. 0. 0.]
  [0. 0. 0. 0. 0.]
  [0. 0. 0. 0. 0.]]

 [[0. 0. 0. 0. 0.]
  [0. 0. 0. 0. 0.]
  [0. 0. 0. 0. 0.]]

 ...

 [[0. 0. 0. 0. 0.]
  [0. 0. 0. 0. 0.]
  [0. 0. 0. 0. 0.]]

 [[0. 0. 0. 0. 0.]
  [0. 0. 0. 0. 0.]
  [0. 0. 0. 0. 0.]]

 [[0. 0. 0. 0. 0.]
  [0. 0. 0. 0. 0.]
  [0. 0. 0. 0. 0.]]]
iter 4
current allocation is
[[253.33331   189.263      93.611115 ]
 [ 30.          3.3333335  16.944445 ]
 [  0.          0.          0.       ]]
loading
Episode 0 	 EpRet -942662.833 	 EpLen 360
tmpx is
[[[0. 1. 0. 0. 0.]
  [1. 0. 0. 0. 0.]
  [0. 1. 0. 0. 0.]]

 [[0. 1. 0. 0. 0.]
  [1. 0. 0. 0. 0.]
  [0. 1. 0. 0. 0.]]

 [[0. 1. 0. 0. 0.]
  [1. 0. 0. 0. 0.]
  [0. 1. 0. 0. 0.]]

 ...

 [[1. 1. 0. 1. 0.]
  [0. 1. 0. 1. 0.]
  [1. 0. 0. 0. 0.]]

 [[1. 1. 0. 1. 0.]
  [0. 1. 0. 1. 0.]
  [1. 0. 0. 0. 0.]]

 [[1. 1. 0. 1. 0.]
  [0. 1. 0. 1. 0.]
  [1. 0. 0. 0. 0.]]]
loading
Episode 0 	 EpRet -877312.705 	 EpLen 360
tmpx is
[[[0. 1. 0. 0. 1.]
  [0. 1. 0. 0. 0.]
  [1. 0. 0. 0. 0.]]

 [[0. 1. 0. 0. 1.]
  [0. 1. 0. 0. 0.]
  [1. 0. 0. 0. 0.]]

 [[0. 1. 0. 0. 1.]
  [0. 1. 0. 0. 0.]
  [1. 0. 0. 0. 0.]]

 ...

 [[0. 0. 0. 0. 0.]
  [0. 0. 0. 0. 0.]
  [0. 0. 0. 0. 0.]]

 [[0. 0. 0. 0. 0.]
  [0. 0. 0. 0. 0.]
  [0. 0. 0. 0. 0.]]

 [[0. 0. 0. 0. 0.]
  [0. 0. 0. 0. 0.]
  [0. 0. 0. 0. 0.]]]
loading
Episode 0 	 EpRet -946317.653 	 EpLen 360
tmpx is
[[[0. 0. 0. 0. 0.]
  [0. 0. 0. 0. 0.]
  [0. 0. 0. 0. 0.]]

 [[0. 0. 0. 0. 0.]
  [0. 0. 0. 0. 0.]
  [0. 0. 0. 0. 0.]]

 [[0. 0. 0. 0. 0.]
  [0. 0. 0. 0. 0.]
  [0. 0. 0. 0. 0.]]

 ...

 [[0. 0. 0. 0. 0.]
  [0. 0. 0. 0. 0.]
  [0. 0. 0. 0. 0.]]

 [[0. 0. 0. 0. 0.]
  [0. 0. 0. 0. 0.]
  [0. 0. 0. 0. 0.]]

 [[0. 0. 0. 0. 0.]
  [0. 0. 0. 0. 0.]
  [0. 0. 0. 0. 0.]]]
iter 5
current allocation is
[[253.33331   189.263      93.611115 ]
 [ 30.          3.3333335  16.944445 ]
 [  0.          0.          0.       ]]
loading
Episode 0 	 EpRet -942662.833 	 EpLen 360
tmpx is
[[[0. 1. 0. 0. 0.]
  [1. 0. 0. 0. 0.]
  [0. 1. 0. 0. 0.]]

 [[0. 1. 0. 0. 0.]
  [1. 0. 0. 0. 0.]
  [0. 1. 0. 0. 0.]]

 [[0. 1. 0. 0. 0.]
  [1. 0. 0. 0. 0.]
  [0. 1. 0. 0. 0.]]

 ...

 [[1. 1. 0. 1. 0.]
  [0. 1. 0. 1. 0.]
  [1. 0. 0. 0. 0.]]

 [[1. 1. 0. 1. 0.]
  [0. 1. 0. 1. 0.]
  [1. 0. 0. 0. 0.]]

 [[1. 1. 0. 1. 0.]
  [0. 1. 0. 1. 0.]
  [1. 0. 0. 0. 0.]]]
loading
Episode 0 	 EpRet -877312.705 	 EpLen 360
tmpx is
[[[0. 1. 0. 0. 1.]
  [0. 1. 0. 0. 0.]
  [1. 0. 0. 0. 0.]]

 [[0. 1. 0. 0. 1.]
  [0. 1. 0. 0. 0.]
  [1. 0. 0. 0. 0.]]

 [[0. 1. 0. 0. 1.]
  [0. 1. 0. 0. 0.]
  [1. 0. 0. 0. 0.]]

 ...

 [[0. 0. 0. 0. 0.]
  [0. 0. 0. 0. 0.]
  [0. 0. 0. 0. 0.]]

 [[0. 0. 0. 0. 0.]
  [0. 0. 0. 0. 0.]
  [0. 0. 0. 0. 0.]]

 [[0. 0. 0. 0. 0.]
  [0. 0. 0. 0. 0.]
  [0. 0. 0. 0. 0.]]]
loading
Episode 0 	 EpRet -946317.653 	 EpLen 360
tmpx is
[[[0. 0. 0. 0. 0.]
  [0. 0. 0. 0. 0.]
  [0. 0. 0. 0. 0.]]

 [[0. 0. 0. 0. 0.]
  [0. 0. 0. 0. 0.]
  [0. 0. 0. 0. 0.]]

 [[0. 0. 0. 0. 0.]
  [0. 0. 0. 0. 0.]
  [0. 0. 0. 0. 0.]]

 ...

 [[0. 0. 0. 0. 0.]
  [0. 0. 0. 0. 0.]
  [0. 0. 0. 0. 0.]]

 [[0. 0. 0. 0. 0.]
  [0. 0. 0. 0. 0.]
  [0. 0. 0. 0. 0.]]

 [[0. 0. 0. 0. 0.]
  [0. 0. 0. 0. 0.]
  [0. 0. 0. 0. 0.]]]
iter 6
current allocation is
[[253.33331   189.263      93.611115 ]
 [ 30.          3.3333335  16.944445 ]
 [  0.          0.          0.       ]]
loading
Episode 0 	 EpRet -942662.833 	 EpLen 360
tmpx is
[[[0. 1. 0. 0. 0.]
  [1. 0. 0. 0. 0.]
  [0. 1. 0. 0. 0.]]

 [[0. 1. 0. 0. 0.]
  [1. 0. 0. 0. 0.]
  [0. 1. 0. 0. 0.]]

 [[0. 1. 0. 0. 0.]
  [1. 0. 0. 0. 0.]
  [0. 1. 0. 0. 0.]]

 ...

 [[1. 1. 0. 1. 0.]
  [0. 1. 0. 1. 0.]
  [1. 0. 0. 0. 0.]]

 [[1. 1. 0. 1. 0.]
  [0. 1. 0. 1. 0.]
  [1. 0. 0. 0. 0.]]

 [[1. 1. 0. 1. 0.]
  [0. 1. 0. 1. 0.]
  [1. 0. 0. 0. 0.]]]
loading
Episode 0 	 EpRet -877312.705 	 EpLen 360
tmpx is
[[[0. 1. 0. 0. 1.]
  [0. 1. 0. 0. 0.]
  [1. 0. 0. 0. 0.]]

 [[0. 1. 0. 0. 1.]
  [0. 1. 0. 0. 0.]
  [1. 0. 0. 0. 0.]]

 [[0. 1. 0. 0. 1.]
  [0. 1. 0. 0. 0.]
  [1. 0. 0. 0. 0.]]

 ...

 [[0. 0. 0. 0. 0.]
  [0. 0. 0. 0. 0.]
  [0. 0. 0. 0. 0.]]

 [[0. 0. 0. 0. 0.]
  [0. 0. 0. 0. 0.]
  [0. 0. 0. 0. 0.]]

 [[0. 0. 0. 0. 0.]
  [0. 0. 0. 0. 0.]
  [0. 0. 0. 0. 0.]]]
loading
Episode 0 	 EpRet -946317.653 	 EpLen 360
tmpx is
[[[0. 0. 0. 0. 0.]
  [0. 0. 0. 0. 0.]
  [0. 0. 0. 0. 0.]]

 [[0. 0. 0. 0. 0.]
  [0. 0. 0. 0. 0.]
  [0. 0. 0. 0. 0.]]

 [[0. 0. 0. 0. 0.]
  [0. 0. 0. 0. 0.]
  [0. 0. 0. 0. 0.]]

 ...

 [[0. 0. 0. 0. 0.]
  [0. 0. 0. 0. 0.]
  [0. 0. 0. 0. 0.]]

 [[0. 0. 0. 0. 0.]
  [0. 0. 0. 0. 0.]
  [0. 0. 0. 0. 0.]]

 [[0. 0. 0. 0. 0.]
  [0. 0. 0. 0. 0.]
  [0. 0. 0. 0. 0.]]]
iter 7
current allocation is
[[253.33331   189.263      93.611115 ]
 [ 30.          3.3333335  16.944445 ]
 [  0.          0.          0.       ]]
loading
Episode 0 	 EpRet -942662.833 	 EpLen 360
tmpx is
[[[0. 1. 0. 0. 0.]
  [1. 0. 0. 0. 0.]
  [0. 1. 0. 0. 0.]]

 [[0. 1. 0. 0. 0.]
  [1. 0. 0. 0. 0.]
  [0. 1. 0. 0. 0.]]

 [[0. 1. 0. 0. 0.]
  [1. 0. 0. 0. 0.]
  [0. 1. 0. 0. 0.]]

 ...

 [[1. 1. 0. 1. 0.]
  [0. 1. 0. 1. 0.]
  [1. 0. 0. 0. 0.]]

 [[1. 1. 0. 1. 0.]
  [0. 1. 0. 1. 0.]
  [1. 0. 0. 0. 0.]]

 [[1. 1. 0. 1. 0.]
  [0. 1. 0. 1. 0.]
  [1. 0. 0. 0. 0.]]]
loading
Episode 0 	 EpRet -877312.705 	 EpLen 360
tmpx is
[[[0. 1. 0. 0. 1.]
  [0. 1. 0. 0. 0.]
  [1. 0. 0. 0. 0.]]

 [[0. 1. 0. 0. 1.]
  [0. 1. 0. 0. 0.]
  [1. 0. 0. 0. 0.]]

 [[0. 1. 0. 0. 1.]
  [0. 1. 0. 0. 0.]
  [1. 0. 0. 0. 0.]]

 ...

 [[0. 0. 0. 0. 0.]
  [0. 0. 0. 0. 0.]
  [0. 0. 0. 0. 0.]]

 [[0. 0. 0. 0. 0.]
  [0. 0. 0. 0. 0.]
  [0. 0. 0. 0. 0.]]

 [[0. 0. 0. 0. 0.]
  [0. 0. 0. 0. 0.]
  [0. 0. 0. 0. 0.]]]
loading
Episode 0 	 EpRet -946317.653 	 EpLen 360
tmpx is
[[[0. 0. 0. 0. 0.]
  [0. 0. 0. 0. 0.]
  [0. 0. 0. 0. 0.]]

 [[0. 0. 0. 0. 0.]
  [0. 0. 0. 0. 0.]
  [0. 0. 0. 0. 0.]]

 [[0. 0. 0. 0. 0.]
  [0. 0. 0. 0. 0.]
  [0. 0. 0. 0. 0.]]

 ...

 [[0. 0. 0. 0. 0.]
  [0. 0. 0. 0. 0.]
  [0. 0. 0. 0. 0.]]

 [[0. 0. 0. 0. 0.]
  [0. 0. 0. 0. 0.]
  [0. 0. 0. 0. 0.]]

 [[0. 0. 0. 0. 0.]
  [0. 0. 0. 0. 0.]
  [0. 0. 0. 0. 0.]]]
iter 8
current allocation is
[[253.33331   189.263      93.611115 ]
 [ 30.          3.3333335  16.944445 ]
 [  0.          0.          0.       ]]
loading
Episode 0 	 EpRet -942662.833 	 EpLen 360
tmpx is
[[[0. 1. 0. 0. 0.]
  [1. 0. 0. 0. 0.]
  [0. 1. 0. 0. 0.]]

 [[0. 1. 0. 0. 0.]
  [1. 0. 0. 0. 0.]
  [0. 1. 0. 0. 0.]]

 [[0. 1. 0. 0. 0.]
  [1. 0. 0. 0. 0.]
  [0. 1. 0. 0. 0.]]

 ...

 [[1. 1. 0. 1. 0.]
  [0. 1. 0. 1. 0.]
  [1. 0. 0. 0. 0.]]

 [[1. 1. 0. 1. 0.]
  [0. 1. 0. 1. 0.]
  [1. 0. 0. 0. 0.]]

 [[1. 1. 0. 1. 0.]
  [0. 1. 0. 1. 0.]
  [1. 0. 0. 0. 0.]]]
loading
Episode 0 	 EpRet -877312.705 	 EpLen 360
tmpx is
[[[0. 1. 0. 0. 1.]
  [0. 1. 0. 0. 0.]
  [1. 0. 0. 0. 0.]]

 [[0. 1. 0. 0. 1.]
  [0. 1. 0. 0. 0.]
  [1. 0. 0. 0. 0.]]

 [[0. 1. 0. 0. 1.]
  [0. 1. 0. 0. 0.]
  [1. 0. 0. 0. 0.]]

 ...

 [[0. 0. 0. 0. 0.]
  [0. 0. 0. 0. 0.]
  [0. 0. 0. 0. 0.]]

 [[0. 0. 0. 0. 0.]
  [0. 0. 0. 0. 0.]
  [0. 0. 0. 0. 0.]]

 [[0. 0. 0. 0. 0.]
  [0. 0. 0. 0. 0.]
  [0. 0. 0. 0. 0.]]]
loading
Episode 0 	 EpRet -946317.653 	 EpLen 360
tmpx is
[[[0. 0. 0. 0. 0.]
  [0. 0. 0. 0. 0.]
  [0. 0. 0. 0. 0.]]

 [[0. 0. 0. 0. 0.]
  [0. 0. 0. 0. 0.]
  [0. 0. 0. 0. 0.]]

 [[0. 0. 0. 0. 0.]
  [0. 0. 0. 0. 0.]
  [0. 0. 0. 0. 0.]]

 ...

 [[0. 0. 0. 0. 0.]
  [0. 0. 0. 0. 0.]
  [0. 0. 0. 0. 0.]]

 [[0. 0. 0. 0. 0.]
  [0. 0. 0. 0. 0.]
  [0. 0. 0. 0. 0.]]

 [[0. 0. 0. 0. 0.]
  [0. 0. 0. 0. 0.]
  [0. 0. 0. 0. 0.]]]
iter 9
current allocation is
[[253.33331   189.263      93.611115 ]
 [ 30.          3.3333335  16.944445 ]
 [  0.          0.          0.       ]]
********** Utility **********
[1601.980545235154, 1601.980545235154, 1601.980545235154, 1601.980545235154, 1601.980545235154, 1601.980545235154, 1601.980545235154, 1601.980545235154, 1601.980545235154, 1601.980545235154]
iter 0
current allocation is
[[0.99251133 6.902875   1.4147334 ]
 [3.4755914  6.7950063  4.5225277 ]
 [4.141225   1.2930412  5.9678936 ]]
iter 1
current allocation is
[[61.922768 63.585922 60.147217]
 [64.40942  63.483257 63.258125]
 [65.08031  57.972523 64.7118  ]]
iter 2
current allocation is
[[31.449577 35.23985  30.77159 ]
 [33.9403   35.14239  33.88651 ]
 [34.616676 29.624716 35.349007]]
iter 3
current allocation is
[[31.442844 35.23638  30.763601]
 [33.937645 35.14412  33.882534]
 [34.619514 29.619503 35.35386 ]]
iter 4
current allocation is
[[31.438297 35.235165 30.757984]
 [33.937172 35.148167 33.880943]
 [34.624527 29.616611 35.361084]]
iter 5
current allocation is
[[31.43375  35.23405  30.752365]
 [33.9367   35.15225  33.879337]
 [34.629547 29.613766 35.3683  ]]
iter 6
current allocation is
[[31.429207 35.232872 30.746744]
 [33.936226 35.15627  33.87774 ]
 [34.634563 29.610855 35.37552 ]]
iter 7
current allocation is
[[31.424664 35.231716 30.741127]
 [33.93576  35.160316 33.876137]
 [34.63958  29.607964 35.38273 ]]
iter 8
current allocation is
[[31.42012  35.23057  30.735516]
 [33.935287 35.164364 33.874535]
 [34.644596 29.60508  35.38994 ]]
iter 9
current allocation is
[[31.415573 35.229416 30.729906]
 [33.934814 35.1684   33.87294 ]
 [34.649605 29.602182 35.397156]]
********** Utility optimized *******
[3189.7242225461823, 12206.357571760043, 9210.301647372056, 9210.22377195437, 9216.144778430316, 9210.604898642603, 9210.793615130931, 9210.983663595867, 9211.173484037274, 9211.363038638166]
