--------------------------------------------------------------------------------
	ENVIRONMENT
--------------------------------------------------------------------------------
RESNum: 3
UENum: 5
maxTime: 360
minReward: 720
rho: 10
alpha:
[[[0.52626642 0.52730928 0.50764243 0.67085123 0.30559916]
  [0.70215489 0.80710335 0.22391927 0.63643715 0.61475613]
  [0.67890174 0.69898016 0.75483792 0.17832682 0.10284313]]
 [[0.28464769 0.10980411 0.38283337 0.24822518 0.73421472]
  [0.58973762 0.8195433  0.35229422 0.42532435 0.88420688]
  [0.53365214 0.29383569 0.30179335 0.55212463 0.2066695 ]]
 [[0.80100685 0.48426548 0.32666069 0.81376862 0.76210558]
  [0.88397638 0.79378638 0.25480452 0.46359254 0.74414623]
  [0.69778513 0.83596777 0.27637594 0.89836248 0.58223722]]]

weight:
[[0.10704815 0.4538327  0.29652765 0.4182098  0.43889479]
 [0.31030768 0.22983091 0.09254947 0.33687519 0.35825784]
 [0.18593214 0.6728776  0.3684757  0.3710573  0.34609036]]

--------------------------------------------------------------------------------
	ALGORITHM
--------------------------------------------------------------------------------
SliceNum: 3
seed: 123456789
hidden_sizes: [128, 128]
replay_size: 1000000
epochs: 320
steps_per_epoch: 5000
batch_size: 1000
pi_lr: 0.001
start_steps: 160000
